train_reward,train_is_success,timesteps_this_iter,time_this_iter_s,done,timesteps_total,episodes_total,training_iteration,experiment_id,date,timestamp,time_total_s,pid,hostname,node_ip,time_since_restore,timesteps_since_restore,iterations_since_restore,trial_id,experiment_tag
-23.988649182021618,0.0,50,110.70254921913147,False,50,,1,2561e7412980420fbb988189ee565361,2020-11-23_11-36-14,1606149374,110.70254921913147,18383,scspcxxx,10.32.116.100,110.70254921913147,50,1,be0bb_00000,"0_batch_size=128,critic_tau=0.005,env_id=KinovaReach-v0,feature_dim=128,fix_goals=False,from_images=True,hidden_sizes=[512, 512, 512],lr=0.0006,num_resampled_goals=4,seed=1,eval_every=10,gradient_steps=1,num_seed_steps=1000,num_timesteps=20000,update_after=1000"
,,0,330.4806010723114,False,50,,2,2561e7412980420fbb988189ee565361,2020-11-23_11-41-44,1606149704,441.18315029144287,18383,scspcxxx,10.32.116.100,441.18315029144287,50,2,be0bb_00000,"0_batch_size=128,critic_tau=0.005,env_id=KinovaReach-v0,feature_dim=128,fix_goals=False,from_images=True,hidden_sizes=[512, 512, 512],lr=0.0006,num_resampled_goals=4,seed=1,eval_every=10,gradient_steps=1,num_seed_steps=1000,num_timesteps=20000,update_after=1000"
-19.234096094965935,0.0,50,89.75279188156128,False,100,,3,2561e7412980420fbb988189ee565361,2020-11-23_11-43-14,1606149794,530.9359421730042,18383,scspcxxx,10.32.116.100,530.9359421730042,100,3,be0bb_00000,"0_batch_size=128,critic_tau=0.005,env_id=KinovaReach-v0,feature_dim=128,fix_goals=False,from_images=True,hidden_sizes=[512, 512, 512],lr=0.0006,num_resampled_goals=4,seed=1,eval_every=10,gradient_steps=1,num_seed_steps=1000,num_timesteps=20000,update_after=1000"
-22.599888116121292,0.0,50,87.75687146186829,False,150,,4,2561e7412980420fbb988189ee565361,2020-11-23_11-44-42,1606149882,618.6928136348724,18383,scspcxxx,10.32.116.100,618.6928136348724,150,4,be0bb_00000,"0_batch_size=128,critic_tau=0.005,env_id=KinovaReach-v0,feature_dim=128,fix_goals=False,from_images=True,hidden_sizes=[512, 512, 512],lr=0.0006,num_resampled_goals=4,seed=1,eval_every=10,gradient_steps=1,num_seed_steps=1000,num_timesteps=20000,update_after=1000"
-7.509776204824448,1.0,16,34.304792642593384,False,166,,5,2561e7412980420fbb988189ee565361,2020-11-23_11-45-16,1606149916,652.9976062774658,18383,scspcxxx,10.32.116.100,652.9976062774658,166,5,be0bb_00000,"0_batch_size=128,critic_tau=0.005,env_id=KinovaReach-v0,feature_dim=128,fix_goals=False,from_images=True,hidden_sizes=[512, 512, 512],lr=0.0006,num_resampled_goals=4,seed=1,eval_every=10,gradient_steps=1,num_seed_steps=1000,num_timesteps=20000,update_after=1000"
-24.053449511528015,0.0,50,90.83223080635071,False,216,,6,2561e7412980420fbb988189ee565361,2020-11-23_11-46-47,1606150007,743.8298370838165,18383,scspcxxx,10.32.116.100,743.8298370838165,216,6,be0bb_00000,"0_batch_size=128,critic_tau=0.005,env_id=KinovaReach-v0,feature_dim=128,fix_goals=False,from_images=True,hidden_sizes=[512, 512, 512],lr=0.0006,num_resampled_goals=4,seed=1,eval_every=10,gradient_steps=1,num_seed_steps=1000,num_timesteps=20000,update_after=1000"
-20.562030613422394,0.0,50,87.40707278251648,False,266,,7,2561e7412980420fbb988189ee565361,2020-11-23_11-48-14,1606150094,831.236909866333,18383,scspcxxx,10.32.116.100,831.236909866333,266,7,be0bb_00000,"0_batch_size=128,critic_tau=0.005,env_id=KinovaReach-v0,feature_dim=128,fix_goals=False,from_images=True,hidden_sizes=[512, 512, 512],lr=0.0006,num_resampled_goals=4,seed=1,eval_every=10,gradient_steps=1,num_seed_steps=1000,num_timesteps=20000,update_after=1000"
-22.38535377383232,0.0,50,89.08227586746216,False,316,,8,2561e7412980420fbb988189ee565361,2020-11-23_11-49-43,1606150183,920.3191857337952,18383,scspcxxx,10.32.116.100,920.3191857337952,316,8,be0bb_00000,"0_batch_size=128,critic_tau=0.005,env_id=KinovaReach-v0,feature_dim=128,fix_goals=False,from_images=True,hidden_sizes=[512, 512, 512],lr=0.0006,num_resampled_goals=4,seed=1,eval_every=10,gradient_steps=1,num_seed_steps=1000,num_timesteps=20000,update_after=1000"
-28.280538111925125,0.0,50,88.00651788711548,False,366,,9,2561e7412980420fbb988189ee565361,2020-11-23_11-51-11,1606150271,1008.3257036209106,18383,scspcxxx,10.32.116.100,1008.3257036209106,366,9,be0bb_00000,"0_batch_size=128,critic_tau=0.005,env_id=KinovaReach-v0,feature_dim=128,fix_goals=False,from_images=True,hidden_sizes=[512, 512, 512],lr=0.0006,num_resampled_goals=4,seed=1,eval_every=10,gradient_steps=1,num_seed_steps=1000,num_timesteps=20000,update_after=1000"
-20.61151558160782,0.0,50,90.13168931007385,False,416,,10,2561e7412980420fbb988189ee565361,2020-11-23_11-52-42,1606150362,1098.4573929309845,18383,scspcxxx,10.32.116.100,1098.4573929309845,416,10,be0bb_00000,"0_batch_size=128,critic_tau=0.005,env_id=KinovaReach-v0,feature_dim=128,fix_goals=False,from_images=True,hidden_sizes=[512, 512, 512],lr=0.0006,num_resampled_goals=4,seed=1,eval_every=10,gradient_steps=1,num_seed_steps=1000,num_timesteps=20000,update_after=1000"
-21.452300637960434,0.0,50,88.73349833488464,False,466,,11,2561e7412980420fbb988189ee565361,2020-11-23_11-54-10,1606150450,1187.1908912658691,18383,scspcxxx,10.32.116.100,1187.1908912658691,466,11,be0bb_00000,"0_batch_size=128,critic_tau=0.005,env_id=KinovaReach-v0,feature_dim=128,fix_goals=False,from_images=True,hidden_sizes=[512, 512, 512],lr=0.0006,num_resampled_goals=4,seed=1,eval_every=10,gradient_steps=1,num_seed_steps=1000,num_timesteps=20000,update_after=1000"
-21.070385485887527,0.0,50,88.0555145740509,False,516,,12,2561e7412980420fbb988189ee565361,2020-11-23_11-55-38,1606150538,1275.24640583992,18383,scspcxxx,10.32.116.100,1275.24640583992,516,12,be0bb_00000,"0_batch_size=128,critic_tau=0.005,env_id=KinovaReach-v0,feature_dim=128,fix_goals=False,from_images=True,hidden_sizes=[512, 512, 512],lr=0.0006,num_resampled_goals=4,seed=1,eval_every=10,gradient_steps=1,num_seed_steps=1000,num_timesteps=20000,update_after=1000"
,,0,330.75160455703735,False,516,,13,2561e7412980420fbb988189ee565361,2020-11-23_12-01-09,1606150869,1605.9980103969574,18383,scspcxxx,10.32.116.100,1605.9980103969574,516,13,be0bb_00000,"0_batch_size=128,critic_tau=0.005,env_id=KinovaReach-v0,feature_dim=128,fix_goals=False,from_images=True,hidden_sizes=[512, 512, 512],lr=0.0006,num_resampled_goals=4,seed=1,eval_every=10,gradient_steps=1,num_seed_steps=1000,num_timesteps=20000,update_after=1000"
-9.739339288324118,1.0,26,51.63092255592346,False,542,,14,2561e7412980420fbb988189ee565361,2020-11-23_12-02-01,1606150921,1657.6289329528809,18383,scspcxxx,10.32.116.100,1657.6289329528809,542,14,be0bb_00000,"0_batch_size=128,critic_tau=0.005,env_id=KinovaReach-v0,feature_dim=128,fix_goals=False,from_images=True,hidden_sizes=[512, 512, 512],lr=0.0006,num_resampled_goals=4,seed=1,eval_every=10,gradient_steps=1,num_seed_steps=1000,num_timesteps=20000,update_after=1000"
-1.6678332686424255,1.0,4,18.026992797851562,False,546,,15,2561e7412980420fbb988189ee565361,2020-11-23_12-02-19,1606150939,1675.6559257507324,18383,scspcxxx,10.32.116.100,1675.6559257507324,546,15,be0bb_00000,"0_batch_size=128,critic_tau=0.005,env_id=KinovaReach-v0,feature_dim=128,fix_goals=False,from_images=True,hidden_sizes=[512, 512, 512],lr=0.0006,num_resampled_goals=4,seed=1,eval_every=10,gradient_steps=1,num_seed_steps=1000,num_timesteps=20000,update_after=1000"
-20.88657373189926,0.0,50,88.88170647621155,False,596,,16,2561e7412980420fbb988189ee565361,2020-11-23_12-03-48,1606151028,1764.537632226944,18383,scspcxxx,10.32.116.100,1764.537632226944,596,16,be0bb_00000,"0_batch_size=128,critic_tau=0.005,env_id=KinovaReach-v0,feature_dim=128,fix_goals=False,from_images=True,hidden_sizes=[512, 512, 512],lr=0.0006,num_resampled_goals=4,seed=1,eval_every=10,gradient_steps=1,num_seed_steps=1000,num_timesteps=20000,update_after=1000"
-2.89172300696373,1.0,8,22.526922464370728,False,604,,17,2561e7412980420fbb988189ee565361,2020-11-23_12-04-10,1606151050,1787.0645546913147,18383,scspcxxx,10.32.116.100,1787.0645546913147,604,17,be0bb_00000,"0_batch_size=128,critic_tau=0.005,env_id=KinovaReach-v0,feature_dim=128,fix_goals=False,from_images=True,hidden_sizes=[512, 512, 512],lr=0.0006,num_resampled_goals=4,seed=1,eval_every=10,gradient_steps=1,num_seed_steps=1000,num_timesteps=20000,update_after=1000"
-20.48447635769844,0.0,50,89.55723118782043,False,654,,18,2561e7412980420fbb988189ee565361,2020-11-23_12-05-40,1606151140,1876.6217858791351,18383,scspcxxx,10.32.116.100,1876.6217858791351,654,18,be0bb_00000,"0_batch_size=128,critic_tau=0.005,env_id=KinovaReach-v0,feature_dim=128,fix_goals=False,from_images=True,hidden_sizes=[512, 512, 512],lr=0.0006,num_resampled_goals=4,seed=1,eval_every=10,gradient_steps=1,num_seed_steps=1000,num_timesteps=20000,update_after=1000"
-26.084892973303795,0.0,50,88.75589370727539,False,704,,19,2561e7412980420fbb988189ee565361,2020-11-23_12-07-08,1606151228,1965.3776795864105,18383,scspcxxx,10.32.116.100,1965.3776795864105,704,19,be0bb_00000,"0_batch_size=128,critic_tau=0.005,env_id=KinovaReach-v0,feature_dim=128,fix_goals=False,from_images=True,hidden_sizes=[512, 512, 512],lr=0.0006,num_resampled_goals=4,seed=1,eval_every=10,gradient_steps=1,num_seed_steps=1000,num_timesteps=20000,update_after=1000"
-32.740624368190765,0.0,50,89.55739402770996,False,754,,20,2561e7412980420fbb988189ee565361,2020-11-23_12-08-38,1606151318,2054.9350736141205,18383,scspcxxx,10.32.116.100,2054.9350736141205,754,20,be0bb_00000,"0_batch_size=128,critic_tau=0.005,env_id=KinovaReach-v0,feature_dim=128,fix_goals=False,from_images=True,hidden_sizes=[512, 512, 512],lr=0.0006,num_resampled_goals=4,seed=1,eval_every=10,gradient_steps=1,num_seed_steps=1000,num_timesteps=20000,update_after=1000"
-21.60202530026436,0.0,50,86.45708513259888,False,804,,21,2561e7412980420fbb988189ee565361,2020-11-23_12-10-04,1606151404,2141.3921587467194,18383,scspcxxx,10.32.116.100,2141.3921587467194,804,21,be0bb_00000,"0_batch_size=128,critic_tau=0.005,env_id=KinovaReach-v0,feature_dim=128,fix_goals=False,from_images=True,hidden_sizes=[512, 512, 512],lr=0.0006,num_resampled_goals=4,seed=1,eval_every=10,gradient_steps=1,num_seed_steps=1000,num_timesteps=20000,update_after=1000"
-22.506423234939575,0.0,50,89.78187084197998,False,854,,22,2561e7412980420fbb988189ee565361,2020-11-23_12-11-34,1606151494,2231.1740295886993,18383,scspcxxx,10.32.116.100,2231.1740295886993,854,22,be0bb_00000,"0_batch_size=128,critic_tau=0.005,env_id=KinovaReach-v0,feature_dim=128,fix_goals=False,from_images=True,hidden_sizes=[512, 512, 512],lr=0.0006,num_resampled_goals=4,seed=1,eval_every=10,gradient_steps=1,num_seed_steps=1000,num_timesteps=20000,update_after=1000"
-2.326466828584671,1.0,6,18.876862049102783,False,860,,23,2561e7412980420fbb988189ee565361,2020-11-23_12-11-53,1606151513,2250.050891637802,18383,scspcxxx,10.32.116.100,2250.050891637802,860,23,be0bb_00000,"0_batch_size=128,critic_tau=0.005,env_id=KinovaReach-v0,feature_dim=128,fix_goals=False,from_images=True,hidden_sizes=[512, 512, 512],lr=0.0006,num_resampled_goals=4,seed=1,eval_every=10,gradient_steps=1,num_seed_steps=1000,num_timesteps=20000,update_after=1000"
,,0,333.7367594242096,False,860,,24,2561e7412980420fbb988189ee565361,2020-11-23_12-17-27,1606151847,2583.7876510620117,18383,scspcxxx,10.32.116.100,2583.7876510620117,860,24,be0bb_00000,"0_batch_size=128,critic_tau=0.005,env_id=KinovaReach-v0,feature_dim=128,fix_goals=False,from_images=True,hidden_sizes=[512, 512, 512],lr=0.0006,num_resampled_goals=4,seed=1,eval_every=10,gradient_steps=1,num_seed_steps=1000,num_timesteps=20000,update_after=1000"
-19.451504454016685,0.0,50,89.62282466888428,False,910,,25,2561e7412980420fbb988189ee565361,2020-11-23_12-18-56,1606151936,2673.410475730896,18383,scspcxxx,10.32.116.100,2673.410475730896,910,25,be0bb_00000,"0_batch_size=128,critic_tau=0.005,env_id=KinovaReach-v0,feature_dim=128,fix_goals=False,from_images=True,hidden_sizes=[512, 512, 512],lr=0.0006,num_resampled_goals=4,seed=1,eval_every=10,gradient_steps=1,num_seed_steps=1000,num_timesteps=20000,update_after=1000"
-23.80439630150795,0.0,50,88.7328724861145,False,960,,26,2561e7412980420fbb988189ee565361,2020-11-23_12-20-25,1606152025,2762.1433482170105,18383,scspcxxx,10.32.116.100,2762.1433482170105,960,26,be0bb_00000,"0_batch_size=128,critic_tau=0.005,env_id=KinovaReach-v0,feature_dim=128,fix_goals=False,from_images=True,hidden_sizes=[512, 512, 512],lr=0.0006,num_resampled_goals=4,seed=1,eval_every=10,gradient_steps=1,num_seed_steps=1000,num_timesteps=20000,update_after=1000"
-25.79476171731949,0.0,50,127.1725218296051,False,1010,,27,2561e7412980420fbb988189ee565361,2020-11-23_12-22-32,1606152152,2889.3158700466156,18383,scspcxxx,10.32.116.100,2889.3158700466156,1010,27,be0bb_00000,"0_batch_size=128,critic_tau=0.005,env_id=KinovaReach-v0,feature_dim=128,fix_goals=False,from_images=True,hidden_sizes=[512, 512, 512],lr=0.0006,num_resampled_goals=4,seed=1,eval_every=10,gradient_steps=1,num_seed_steps=1000,num_timesteps=20000,update_after=1000"
-2.1326413191854954,0.0,50,403.94088530540466,False,1060,,28,2561e7412980420fbb988189ee565361,2020-11-23_12-29-16,1606152556,3293.2567553520203,18383,scspcxxx,10.32.116.100,3293.2567553520203,1060,28,be0bb_00000,"0_batch_size=128,critic_tau=0.005,env_id=KinovaReach-v0,feature_dim=128,fix_goals=False,from_images=True,hidden_sizes=[512, 512, 512],lr=0.0006,num_resampled_goals=4,seed=1,eval_every=10,gradient_steps=1,num_seed_steps=1000,num_timesteps=20000,update_after=1000"
-0.7412061952054501,0.0,50,342.9662871360779,False,1110,,29,2561e7412980420fbb988189ee565361,2020-11-23_12-34-59,1606152899,3636.223042488098,18383,scspcxxx,10.32.116.100,3636.223042488098,1110,29,be0bb_00000,"0_batch_size=128,critic_tau=0.005,env_id=KinovaReach-v0,feature_dim=128,fix_goals=False,from_images=True,hidden_sizes=[512, 512, 512],lr=0.0006,num_resampled_goals=4,seed=1,eval_every=10,gradient_steps=1,num_seed_steps=1000,num_timesteps=20000,update_after=1000"
-0.30640525510534644,0.0,50,403.80008339881897,False,1160,,30,2561e7412980420fbb988189ee565361,2020-11-23_12-41-43,1606153303,4040.023125886917,18383,scspcxxx,10.32.116.100,4040.023125886917,1160,30,be0bb_00000,"0_batch_size=128,critic_tau=0.005,env_id=KinovaReach-v0,feature_dim=128,fix_goals=False,from_images=True,hidden_sizes=[512, 512, 512],lr=0.0006,num_resampled_goals=4,seed=1,eval_every=10,gradient_steps=1,num_seed_steps=1000,num_timesteps=20000,update_after=1000"
-0.2602949987631291,0.0,50,314.5708587169647,False,1210,,31,2561e7412980420fbb988189ee565361,2020-11-23_12-46-58,1606153618,4354.593984603882,18383,scspcxxx,10.32.116.100,4354.593984603882,1210,31,be0bb_00000,"0_batch_size=128,critic_tau=0.005,env_id=KinovaReach-v0,feature_dim=128,fix_goals=False,from_images=True,hidden_sizes=[512, 512, 512],lr=0.0006,num_resampled_goals=4,seed=1,eval_every=10,gradient_steps=1,num_seed_steps=1000,num_timesteps=20000,update_after=1000"
-0.1868946822360158,1.0,33,281.24612522125244,False,1243,,32,2561e7412980420fbb988189ee565361,2020-11-23_12-51-39,1606153899,4635.840109825134,18383,scspcxxx,10.32.116.100,4635.840109825134,1243,32,be0bb_00000,"0_batch_size=128,critic_tau=0.005,env_id=KinovaReach-v0,feature_dim=128,fix_goals=False,from_images=True,hidden_sizes=[512, 512, 512],lr=0.0006,num_resampled_goals=4,seed=1,eval_every=10,gradient_steps=1,num_seed_steps=1000,num_timesteps=20000,update_after=1000"
-0.18587161821778864,0.0,50,360.72467517852783,False,1293,,33,2561e7412980420fbb988189ee565361,2020-11-23_12-57-40,1606154260,4996.564785003662,18383,scspcxxx,10.32.116.100,4996.564785003662,1293,33,be0bb_00000,"0_batch_size=128,critic_tau=0.005,env_id=KinovaReach-v0,feature_dim=128,fix_goals=False,from_images=True,hidden_sizes=[512, 512, 512],lr=0.0006,num_resampled_goals=4,seed=1,eval_every=10,gradient_steps=1,num_seed_steps=1000,num_timesteps=20000,update_after=1000"
-0.06970981904305518,1.0,16,97.87618231773376,False,1309,,34,2561e7412980420fbb988189ee565361,2020-11-23_12-59-17,1606154357,5094.440967321396,18383,scspcxxx,10.32.116.100,5094.440967321396,1309,34,be0bb_00000,"0_batch_size=128,critic_tau=0.005,env_id=KinovaReach-v0,feature_dim=128,fix_goals=False,from_images=True,hidden_sizes=[512, 512, 512],lr=0.0006,num_resampled_goals=4,seed=1,eval_every=10,gradient_steps=1,num_seed_steps=1000,num_timesteps=20000,update_after=1000"
