train_reward,train_is_success,timesteps_this_iter,time_this_iter_s,done,timesteps_total,episodes_total,training_iteration,experiment_id,date,timestamp,time_total_s,pid,hostname,node_ip,time_since_restore,timesteps_since_restore,iterations_since_restore,trial_id,experiment_tag
-50.0,0.0,50,110.34226274490356,False,50,,1,363192f7929b44ab86840e1f133a30dd,2020-11-26_12-49-15,1606412955,110.34226274490356,25316,scspcxxx,10.32.116.100,110.34226274490356,50,1,70c58_00000,"0_actor_update_frequency=2,batch_size=128,capacity=1000000,checkpoint=None,cpu=1,critic_target_update_frequency=2,critic_tau=0.005,device=cpu,discount=0.95,env_id=KinovaReach-v0,eval_every=20,feature_dim=128,fix_goals=False,from_images=False,gpu=0,gradient_steps=1,hidden_sizes=[512, 512, 512],init_temperature=0.1,log_std=[-10, 2],lr=0.0006,name=physical_robot_from_states,num_eval_episodes=5,num_resampled_goals=1,num_samples=1,num_seed_steps=1000,num_timesteps=20000,save_every=5000,seed=1,update_after=1000"
,,0,332.46198868751526,False,50,,2,363192f7929b44ab86840e1f133a30dd,2020-11-26_12-54-47,1606413287,442.8042514324188,25316,scspcxxx,10.32.116.100,442.8042514324188,50,2,70c58_00000,"0_actor_update_frequency=2,batch_size=128,capacity=1000000,checkpoint=None,cpu=1,critic_target_update_frequency=2,critic_tau=0.005,device=cpu,discount=0.95,env_id=KinovaReach-v0,eval_every=20,feature_dim=128,fix_goals=False,from_images=False,gpu=0,gradient_steps=1,hidden_sizes=[512, 512, 512],init_temperature=0.1,log_std=[-10, 2],lr=0.0006,name=physical_robot_from_states,num_eval_episodes=5,num_resampled_goals=1,num_samples=1,num_seed_steps=1000,num_timesteps=20000,save_every=5000,seed=1,update_after=1000"
-50.0,0.0,50,89.8221697807312,False,100,,3,363192f7929b44ab86840e1f133a30dd,2020-11-26_12-56-17,1606413377,532.62642121315,25316,scspcxxx,10.32.116.100,532.62642121315,100,3,70c58_00000,"0_actor_update_frequency=2,batch_size=128,capacity=1000000,checkpoint=None,cpu=1,critic_target_update_frequency=2,critic_tau=0.005,device=cpu,discount=0.95,env_id=KinovaReach-v0,eval_every=20,feature_dim=128,fix_goals=False,from_images=False,gpu=0,gradient_steps=1,hidden_sizes=[512, 512, 512],init_temperature=0.1,log_std=[-10, 2],lr=0.0006,name=physical_robot_from_states,num_eval_episodes=5,num_resampled_goals=1,num_samples=1,num_seed_steps=1000,num_timesteps=20000,save_every=5000,seed=1,update_after=1000"
-50.0,0.0,50,87.73174285888672,False,150,,4,363192f7929b44ab86840e1f133a30dd,2020-11-26_12-57-45,1606413465,620.3581640720367,25316,scspcxxx,10.32.116.100,620.3581640720367,150,4,70c58_00000,"0_actor_update_frequency=2,batch_size=128,capacity=1000000,checkpoint=None,cpu=1,critic_target_update_frequency=2,critic_tau=0.005,device=cpu,discount=0.95,env_id=KinovaReach-v0,eval_every=20,feature_dim=128,fix_goals=False,from_images=False,gpu=0,gradient_steps=1,hidden_sizes=[512, 512, 512],init_temperature=0.1,log_std=[-10, 2],lr=0.0006,name=physical_robot_from_states,num_eval_episodes=5,num_resampled_goals=1,num_samples=1,num_seed_steps=1000,num_timesteps=20000,save_every=5000,seed=1,update_after=1000"
-50.0,0.0,50,88.4572536945343,False,200,,5,363192f7929b44ab86840e1f133a30dd,2020-11-26_12-59-13,1606413553,708.815417766571,25316,scspcxxx,10.32.116.100,708.815417766571,200,5,70c58_00000,"0_actor_update_frequency=2,batch_size=128,capacity=1000000,checkpoint=None,cpu=1,critic_target_update_frequency=2,critic_tau=0.005,device=cpu,discount=0.95,env_id=KinovaReach-v0,eval_every=20,feature_dim=128,fix_goals=False,from_images=False,gpu=0,gradient_steps=1,hidden_sizes=[512, 512, 512],init_temperature=0.1,log_std=[-10, 2],lr=0.0006,name=physical_robot_from_states,num_eval_episodes=5,num_resampled_goals=1,num_samples=1,num_seed_steps=1000,num_timesteps=20000,save_every=5000,seed=1,update_after=1000"
-10.0,1.0,11,29.15217924118042,False,211,,6,363192f7929b44ab86840e1f133a30dd,2020-11-26_12-59-42,1606413582,737.9675970077515,25316,scspcxxx,10.32.116.100,737.9675970077515,211,6,70c58_00000,"0_actor_update_frequency=2,batch_size=128,capacity=1000000,checkpoint=None,cpu=1,critic_target_update_frequency=2,critic_tau=0.005,device=cpu,discount=0.95,env_id=KinovaReach-v0,eval_every=20,feature_dim=128,fix_goals=False,from_images=False,gpu=0,gradient_steps=1,hidden_sizes=[512, 512, 512],init_temperature=0.1,log_std=[-10, 2],lr=0.0006,name=physical_robot_from_states,num_eval_episodes=5,num_resampled_goals=1,num_samples=1,num_seed_steps=1000,num_timesteps=20000,save_every=5000,seed=1,update_after=1000"
-50.0,0.0,50,87.03211307525635,False,261,,7,363192f7929b44ab86840e1f133a30dd,2020-11-26_13-01-09,1606413669,824.9997100830078,25316,scspcxxx,10.32.116.100,824.9997100830078,261,7,70c58_00000,"0_actor_update_frequency=2,batch_size=128,capacity=1000000,checkpoint=None,cpu=1,critic_target_update_frequency=2,critic_tau=0.005,device=cpu,discount=0.95,env_id=KinovaReach-v0,eval_every=20,feature_dim=128,fix_goals=False,from_images=False,gpu=0,gradient_steps=1,hidden_sizes=[512, 512, 512],init_temperature=0.1,log_std=[-10, 2],lr=0.0006,name=physical_robot_from_states,num_eval_episodes=5,num_resampled_goals=1,num_samples=1,num_seed_steps=1000,num_timesteps=20000,save_every=5000,seed=1,update_after=1000"
-50.0,0.0,50,89.55700922012329,False,311,,8,363192f7929b44ab86840e1f133a30dd,2020-11-26_13-02-39,1606413759,914.5567193031311,25316,scspcxxx,10.32.116.100,914.5567193031311,311,8,70c58_00000,"0_actor_update_frequency=2,batch_size=128,capacity=1000000,checkpoint=None,cpu=1,critic_target_update_frequency=2,critic_tau=0.005,device=cpu,discount=0.95,env_id=KinovaReach-v0,eval_every=20,feature_dim=128,fix_goals=False,from_images=False,gpu=0,gradient_steps=1,hidden_sizes=[512, 512, 512],init_temperature=0.1,log_std=[-10, 2],lr=0.0006,name=physical_robot_from_states,num_eval_episodes=5,num_resampled_goals=1,num_samples=1,num_seed_steps=1000,num_timesteps=20000,save_every=5000,seed=1,update_after=1000"
-50.0,0.0,50,87.98226523399353,False,361,,9,363192f7929b44ab86840e1f133a30dd,2020-11-26_13-04-07,1606413847,1002.5389845371246,25316,scspcxxx,10.32.116.100,1002.5389845371246,361,9,70c58_00000,"0_actor_update_frequency=2,batch_size=128,capacity=1000000,checkpoint=None,cpu=1,critic_target_update_frequency=2,critic_tau=0.005,device=cpu,discount=0.95,env_id=KinovaReach-v0,eval_every=20,feature_dim=128,fix_goals=False,from_images=False,gpu=0,gradient_steps=1,hidden_sizes=[512, 512, 512],init_temperature=0.1,log_std=[-10, 2],lr=0.0006,name=physical_robot_from_states,num_eval_episodes=5,num_resampled_goals=1,num_samples=1,num_seed_steps=1000,num_timesteps=20000,save_every=5000,seed=1,update_after=1000"
-50.0,0.0,50,89.50703573226929,False,411,,10,363192f7929b44ab86840e1f133a30dd,2020-11-26_13-05-36,1606413936,1092.046020269394,25316,scspcxxx,10.32.116.100,1092.046020269394,411,10,70c58_00000,"0_actor_update_frequency=2,batch_size=128,capacity=1000000,checkpoint=None,cpu=1,critic_target_update_frequency=2,critic_tau=0.005,device=cpu,discount=0.95,env_id=KinovaReach-v0,eval_every=20,feature_dim=128,fix_goals=False,from_images=False,gpu=0,gradient_steps=1,hidden_sizes=[512, 512, 512],init_temperature=0.1,log_std=[-10, 2],lr=0.0006,name=physical_robot_from_states,num_eval_episodes=5,num_resampled_goals=1,num_samples=1,num_seed_steps=1000,num_timesteps=20000,save_every=5000,seed=1,update_after=1000"
-50.0,0.0,50,89.18220663070679,False,461,,11,363192f7929b44ab86840e1f133a30dd,2020-11-26_13-07-06,1606414026,1181.2282269001007,25316,scspcxxx,10.32.116.100,1181.2282269001007,461,11,70c58_00000,"0_actor_update_frequency=2,batch_size=128,capacity=1000000,checkpoint=None,cpu=1,critic_target_update_frequency=2,critic_tau=0.005,device=cpu,discount=0.95,env_id=KinovaReach-v0,eval_every=20,feature_dim=128,fix_goals=False,from_images=False,gpu=0,gradient_steps=1,hidden_sizes=[512, 512, 512],init_temperature=0.1,log_std=[-10, 2],lr=0.0006,name=physical_robot_from_states,num_eval_episodes=5,num_resampled_goals=1,num_samples=1,num_seed_steps=1000,num_timesteps=20000,save_every=5000,seed=1,update_after=1000"
-50.0,0.0,50,88.13214230537415,False,511,,12,363192f7929b44ab86840e1f133a30dd,2020-11-26_13-08-34,1606414114,1269.3603692054749,25316,scspcxxx,10.32.116.100,1269.3603692054749,511,12,70c58_00000,"0_actor_update_frequency=2,batch_size=128,capacity=1000000,checkpoint=None,cpu=1,critic_target_update_frequency=2,critic_tau=0.005,device=cpu,discount=0.95,env_id=KinovaReach-v0,eval_every=20,feature_dim=128,fix_goals=False,from_images=False,gpu=0,gradient_steps=1,hidden_sizes=[512, 512, 512],init_temperature=0.1,log_std=[-10, 2],lr=0.0006,name=physical_robot_from_states,num_eval_episodes=5,num_resampled_goals=1,num_samples=1,num_seed_steps=1000,num_timesteps=20000,save_every=5000,seed=1,update_after=1000"
-50.0,0.0,50,89.1573097705841,False,561,,13,363192f7929b44ab86840e1f133a30dd,2020-11-26_13-10-03,1606414203,1358.517678976059,25316,scspcxxx,10.32.116.100,1358.517678976059,561,13,70c58_00000,"0_actor_update_frequency=2,batch_size=128,capacity=1000000,checkpoint=None,cpu=1,critic_target_update_frequency=2,critic_tau=0.005,device=cpu,discount=0.95,env_id=KinovaReach-v0,eval_every=20,feature_dim=128,fix_goals=False,from_images=False,gpu=0,gradient_steps=1,hidden_sizes=[512, 512, 512],init_temperature=0.1,log_std=[-10, 2],lr=0.0006,name=physical_robot_from_states,num_eval_episodes=5,num_resampled_goals=1,num_samples=1,num_seed_steps=1000,num_timesteps=20000,save_every=5000,seed=1,update_after=1000"
-50.0,0.0,50,88.73211979866028,False,611,,14,363192f7929b44ab86840e1f133a30dd,2020-11-26_13-11-32,1606414292,1447.2497987747192,25316,scspcxxx,10.32.116.100,1447.2497987747192,611,14,70c58_00000,"0_actor_update_frequency=2,batch_size=128,capacity=1000000,checkpoint=None,cpu=1,critic_target_update_frequency=2,critic_tau=0.005,device=cpu,discount=0.95,env_id=KinovaReach-v0,eval_every=20,feature_dim=128,fix_goals=False,from_images=False,gpu=0,gradient_steps=1,hidden_sizes=[512, 512, 512],init_temperature=0.1,log_std=[-10, 2],lr=0.0006,name=physical_robot_from_states,num_eval_episodes=5,num_resampled_goals=1,num_samples=1,num_seed_steps=1000,num_timesteps=20000,save_every=5000,seed=1,update_after=1000"
-50.0,0.0,50,89.15734338760376,False,661,,15,363192f7929b44ab86840e1f133a30dd,2020-11-26_13-13-01,1606414381,1536.407142162323,25316,scspcxxx,10.32.116.100,1536.407142162323,661,15,70c58_00000,"0_actor_update_frequency=2,batch_size=128,capacity=1000000,checkpoint=None,cpu=1,critic_target_update_frequency=2,critic_tau=0.005,device=cpu,discount=0.95,env_id=KinovaReach-v0,eval_every=20,feature_dim=128,fix_goals=False,from_images=False,gpu=0,gradient_steps=1,hidden_sizes=[512, 512, 512],init_temperature=0.1,log_std=[-10, 2],lr=0.0006,name=physical_robot_from_states,num_eval_episodes=5,num_resampled_goals=1,num_samples=1,num_seed_steps=1000,num_timesteps=20000,save_every=5000,seed=1,update_after=1000"
-50.0,0.0,50,89.73222494125366,False,711,,16,363192f7929b44ab86840e1f133a30dd,2020-11-26_13-14-31,1606414471,1626.1393671035767,25316,scspcxxx,10.32.116.100,1626.1393671035767,711,16,70c58_00000,"0_actor_update_frequency=2,batch_size=128,capacity=1000000,checkpoint=None,cpu=1,critic_target_update_frequency=2,critic_tau=0.005,device=cpu,discount=0.95,env_id=KinovaReach-v0,eval_every=20,feature_dim=128,fix_goals=False,from_images=False,gpu=0,gradient_steps=1,hidden_sizes=[512, 512, 512],init_temperature=0.1,log_std=[-10, 2],lr=0.0006,name=physical_robot_from_states,num_eval_episodes=5,num_resampled_goals=1,num_samples=1,num_seed_steps=1000,num_timesteps=20000,save_every=5000,seed=1,update_after=1000"
-23.0,1.0,24,48.95393514633179,False,735,,17,363192f7929b44ab86840e1f133a30dd,2020-11-26_13-15-19,1606414519,1675.0933022499084,25316,scspcxxx,10.32.116.100,1675.0933022499084,735,17,70c58_00000,"0_actor_update_frequency=2,batch_size=128,capacity=1000000,checkpoint=None,cpu=1,critic_target_update_frequency=2,critic_tau=0.005,device=cpu,discount=0.95,env_id=KinovaReach-v0,eval_every=20,feature_dim=128,fix_goals=False,from_images=False,gpu=0,gradient_steps=1,hidden_sizes=[512, 512, 512],init_temperature=0.1,log_std=[-10, 2],lr=0.0006,name=physical_robot_from_states,num_eval_episodes=5,num_resampled_goals=1,num_samples=1,num_seed_steps=1000,num_timesteps=20000,save_every=5000,seed=1,update_after=1000"
-2.0,1.0,3,15.951265335083008,False,738,,18,363192f7929b44ab86840e1f133a30dd,2020-11-26_13-15-35,1606414535,1691.0445675849915,25316,scspcxxx,10.32.116.100,1691.0445675849915,738,18,70c58_00000,"0_actor_update_frequency=2,batch_size=128,capacity=1000000,checkpoint=None,cpu=1,critic_target_update_frequency=2,critic_tau=0.005,device=cpu,discount=0.95,env_id=KinovaReach-v0,eval_every=20,feature_dim=128,fix_goals=False,from_images=False,gpu=0,gradient_steps=1,hidden_sizes=[512, 512, 512],init_temperature=0.1,log_std=[-10, 2],lr=0.0006,name=physical_robot_from_states,num_eval_episodes=5,num_resampled_goals=1,num_samples=1,num_seed_steps=1000,num_timesteps=20000,save_every=5000,seed=1,update_after=1000"
-50.0,0.0,50,88.25715208053589,False,788,,19,363192f7929b44ab86840e1f133a30dd,2020-11-26_13-17-04,1606414624,1779.3017196655273,25316,scspcxxx,10.32.116.100,1779.3017196655273,788,19,70c58_00000,"0_actor_update_frequency=2,batch_size=128,capacity=1000000,checkpoint=None,cpu=1,critic_target_update_frequency=2,critic_tau=0.005,device=cpu,discount=0.95,env_id=KinovaReach-v0,eval_every=20,feature_dim=128,fix_goals=False,from_images=False,gpu=0,gradient_steps=1,hidden_sizes=[512, 512, 512],init_temperature=0.1,log_std=[-10, 2],lr=0.0006,name=physical_robot_from_states,num_eval_episodes=5,num_resampled_goals=1,num_samples=1,num_seed_steps=1000,num_timesteps=20000,save_every=5000,seed=1,update_after=1000"
-21.0,1.0,22,45.20375323295593,False,810,,20,363192f7929b44ab86840e1f133a30dd,2020-11-26_13-17-49,1606414669,1824.5054728984833,25316,scspcxxx,10.32.116.100,1824.5054728984833,810,20,70c58_00000,"0_actor_update_frequency=2,batch_size=128,capacity=1000000,checkpoint=None,cpu=1,critic_target_update_frequency=2,critic_tau=0.005,device=cpu,discount=0.95,env_id=KinovaReach-v0,eval_every=20,feature_dim=128,fix_goals=False,from_images=False,gpu=0,gradient_steps=1,hidden_sizes=[512, 512, 512],init_temperature=0.1,log_std=[-10, 2],lr=0.0006,name=physical_robot_from_states,num_eval_episodes=5,num_resampled_goals=1,num_samples=1,num_seed_steps=1000,num_timesteps=20000,save_every=5000,seed=1,update_after=1000"
-50.0,0.0,50,88.35707759857178,False,860,,21,363192f7929b44ab86840e1f133a30dd,2020-11-26_13-19-17,1606414757,1912.862550497055,25316,scspcxxx,10.32.116.100,1912.862550497055,860,21,70c58_00000,"0_actor_update_frequency=2,batch_size=128,capacity=1000000,checkpoint=None,cpu=1,critic_target_update_frequency=2,critic_tau=0.005,device=cpu,discount=0.95,env_id=KinovaReach-v0,eval_every=20,feature_dim=128,fix_goals=False,from_images=False,gpu=0,gradient_steps=1,hidden_sizes=[512, 512, 512],init_temperature=0.1,log_std=[-10, 2],lr=0.0006,name=physical_robot_from_states,num_eval_episodes=5,num_resampled_goals=1,num_samples=1,num_seed_steps=1000,num_timesteps=20000,save_every=5000,seed=1,update_after=1000"
-50.0,0.0,50,89.68219494819641,False,910,,22,363192f7929b44ab86840e1f133a30dd,2020-11-26_13-20-47,1606414847,2002.5447454452515,25316,scspcxxx,10.32.116.100,2002.5447454452515,910,22,70c58_00000,"0_actor_update_frequency=2,batch_size=128,capacity=1000000,checkpoint=None,cpu=1,critic_target_update_frequency=2,critic_tau=0.005,device=cpu,discount=0.95,env_id=KinovaReach-v0,eval_every=20,feature_dim=128,fix_goals=False,from_images=False,gpu=0,gradient_steps=1,hidden_sizes=[512, 512, 512],init_temperature=0.1,log_std=[-10, 2],lr=0.0006,name=physical_robot_from_states,num_eval_episodes=5,num_resampled_goals=1,num_samples=1,num_seed_steps=1000,num_timesteps=20000,save_every=5000,seed=1,update_after=1000"
,,0,328.8370838165283,False,910,,23,363192f7929b44ab86840e1f133a30dd,2020-11-26_13-26-16,1606415176,2331.38182926178,25316,scspcxxx,10.32.116.100,2331.38182926178,910,23,70c58_00000,"0_actor_update_frequency=2,batch_size=128,capacity=1000000,checkpoint=None,cpu=1,critic_target_update_frequency=2,critic_tau=0.005,device=cpu,discount=0.95,env_id=KinovaReach-v0,eval_every=20,feature_dim=128,fix_goals=False,from_images=False,gpu=0,gradient_steps=1,hidden_sizes=[512, 512, 512],init_temperature=0.1,log_std=[-10, 2],lr=0.0006,name=physical_robot_from_states,num_eval_episodes=5,num_resampled_goals=1,num_samples=1,num_seed_steps=1000,num_timesteps=20000,save_every=5000,seed=1,update_after=1000"
-13.0,1.0,14,33.3421688079834,False,924,,24,363192f7929b44ab86840e1f133a30dd,2020-11-26_13-26-49,1606415209,2364.723998069763,25316,scspcxxx,10.32.116.100,2364.723998069763,924,24,70c58_00000,"0_actor_update_frequency=2,batch_size=128,capacity=1000000,checkpoint=None,cpu=1,critic_target_update_frequency=2,critic_tau=0.005,device=cpu,discount=0.95,env_id=KinovaReach-v0,eval_every=20,feature_dim=128,fix_goals=False,from_images=False,gpu=0,gradient_steps=1,hidden_sizes=[512, 512, 512],init_temperature=0.1,log_std=[-10, 2],lr=0.0006,name=physical_robot_from_states,num_eval_episodes=5,num_resampled_goals=1,num_samples=1,num_seed_steps=1000,num_timesteps=20000,save_every=5000,seed=1,update_after=1000"
-50.0,0.0,50,89.55742835998535,False,974,,25,363192f7929b44ab86840e1f133a30dd,2020-11-26_13-28-19,1606415299,2454.2814264297485,25316,scspcxxx,10.32.116.100,2454.2814264297485,974,25,70c58_00000,"0_actor_update_frequency=2,batch_size=128,capacity=1000000,checkpoint=None,cpu=1,critic_target_update_frequency=2,critic_tau=0.005,device=cpu,discount=0.95,env_id=KinovaReach-v0,eval_every=20,feature_dim=128,fix_goals=False,from_images=False,gpu=0,gradient_steps=1,hidden_sizes=[512, 512, 512],init_temperature=0.1,log_std=[-10, 2],lr=0.0006,name=physical_robot_from_states,num_eval_episodes=5,num_resampled_goals=1,num_samples=1,num_seed_steps=1000,num_timesteps=20000,save_every=5000,seed=1,update_after=1000"
-50.0,0.0,50,86.88008999824524,False,1024,,26,363192f7929b44ab86840e1f133a30dd,2020-11-26_13-29-46,1606415386,2541.161516427994,25316,scspcxxx,10.32.116.100,2541.161516427994,1024,26,70c58_00000,"0_actor_update_frequency=2,batch_size=128,capacity=1000000,checkpoint=None,cpu=1,critic_target_update_frequency=2,critic_tau=0.005,device=cpu,discount=0.95,env_id=KinovaReach-v0,eval_every=20,feature_dim=128,fix_goals=False,from_images=False,gpu=0,gradient_steps=1,hidden_sizes=[512, 512, 512],init_temperature=0.1,log_std=[-10, 2],lr=0.0006,name=physical_robot_from_states,num_eval_episodes=5,num_resampled_goals=1,num_samples=1,num_seed_steps=1000,num_timesteps=20000,save_every=5000,seed=1,update_after=1000"
-50.0,0.0,50,88.33019423484802,False,1074,,27,363192f7929b44ab86840e1f133a30dd,2020-11-26_13-31-14,1606415474,2629.491710662842,25316,scspcxxx,10.32.116.100,2629.491710662842,1074,27,70c58_00000,"0_actor_update_frequency=2,batch_size=128,capacity=1000000,checkpoint=None,cpu=1,critic_target_update_frequency=2,critic_tau=0.005,device=cpu,discount=0.95,env_id=KinovaReach-v0,eval_every=20,feature_dim=128,fix_goals=False,from_images=False,gpu=0,gradient_steps=1,hidden_sizes=[512, 512, 512],init_temperature=0.1,log_std=[-10, 2],lr=0.0006,name=physical_robot_from_states,num_eval_episodes=5,num_resampled_goals=1,num_samples=1,num_seed_steps=1000,num_timesteps=20000,save_every=5000,seed=1,update_after=1000"
